8.121140 4.468527 21.535826 13.788649 18.786627 53.146759 37.897060 61.634983 100.595695 55.052006 146.928650 80.958374 85.102753 198.642853 20.323578 124.932106 184.123947 95.142120 88.922722 122.574471 133.433121 133.230576 82.924919 159.515427 62.426937 90.049515 63.689220 22.116045 69.656509 95.747223 68.472168 75.881836 102.421516 73.399544 36.193893 88.399460 70.646240 31.672281 33.051174 41.070530 8.520440 30.374502 27.007380 28.758255 2.489234
14.341445 8.646934 18.233107 55.628658 28.500710 45.912994 160.214523 130.296417 110.148674 379.646210 263.616028 217.949692 362.441528 446.262207 270.642181 287.701996 549.750793 378.717590 238.173828 395.851929 321.967468 166.525940 370.920349 321.893982 173.441071 281.639709 382.294800 212.545410 194.808395 275.030487 176.506317 149.346069 226.265121 163.083969 79.582336 181.993027 170.683212 63.761044 95.942200 101.268814 56.029110 49.015709 82.688751 50.391323 22.677259
14.341445 8.646934 18.233107 55.628658 28.500710 45.912994 160.214523 130.296417 110.148674 379.646210 263.616028 217.949692 362.441528 446.262207 270.642181 287.701996 549.750793 378.717590 238.173828 395.851929 321.967468 166.525940 370.920349 321.893982 173.441071 281.639709 382.294800 212.545410 194.808395 275.030487 176.506317 149.346069 226.265121 163.083969 79.582336 181.993027 170.683212 63.761044 95.942200 101.268814 56.029110 49.015709 82.688751 50.391323 22.677259
5.210222 18.178041 23.086313 28.204863 47.416008 99.574326 130.307144 100.007347 188.012222 119.869751 17.132929 175.725754 117.030716 38.403484 201.784271 195.832886 95.579735 220.707062 221.427170 106.850395 160.195648 166.519485 100.386024 64.344734 165.341263 134.675888 26.134052 167.715042 170.587265 63.710583 101.900742 111.212234 59.914249 57.997070 87.158173 50.117565 6.304892 60.315697 64.446136 23.094906 43.234375 41.126965 2.658401 44.105022 22.677259
5.210222 18.178041 23.086313 28.204863 47.416008 99.574326 130.307144 100.007347 188.012222 119.869751 17.132929 175.725754 117.030716 38.403484 201.784271 195.832886 95.579735 220.707062 221.427170 106.850395 160.195648 166.519485 100.386024 64.344734 165.341263 134.675888 26.134052 167.715042 170.587265 63.710583 101.900742 111.212234 59.914249 57.997070 87.158173 50.117565 6.304892 60.315697 64.446136 23.094906 43.234375 41.126965 2.658401 44.105022 22.677259
11.861288 17.053984 34.052414 15.527322 62.104450 136.118622 51.071232 227.980270 242.879990 133.803314 228.600189 264.824860 188.059967 165.516235 204.768356 324.979004 196.823486 301.766846 396.138214 202.046555 276.488159 316.635010 210.524857 197.438889 238.910446 206.074631 161.225204 178.169922 235.841080 118.216309 137.221191 156.527130 120.819641 115.210754 120.558815 89.089539 65.653763 55.372849 31.113007 53.949276 24.650984 42.673096 38.800346 31.602983 35.662148
11.861288 17.053984 34.052414 15.527322 62.104450 136.118622 51.071232 227.980270 242.879990 133.803314 228.600189 264.824860 188.059967 165.516235 204.768356 324.979004 196.823486 301.766846 396.138214 202.046555 276.488159 316.635010 210.524857 197.438889 238.910446 206.074631 161.225204 178.169922 235.841080 118.216309 137.221191 156.527130 120.819641 115.210754 120.558815 89.089539 65.653763 55.372849 31.113007 53.949276 24.650984 42.673096 38.800346 31.602983 35.662148
17.288671 27.701462 18.309380 25.994665 72.685356 96.506592 32.125454 166.047165 123.698921 5.495368 206.578323 211.577896 68.375671 140.741577 263.054718 227.479202 62.166557 195.547684 175.912857 54.324696 168.122620 168.475464 72.649536 100.731117 172.662079 124.505264 46.404976 115.657784 116.898041 33.567402 54.749989 46.316101 42.939617 46.414066 60.119293 31.133524 19.120214 33.479382 55.295452 54.868248 12.018375 43.413841 53.005085 6.270885 35.662148
17.288671 27.701462 18.309380 25.994665 72.685356 96.506592 32.125454 166.047165 123.698921 5.495368 206.578323 211.577896 68.375671 140.741577 263.054718 227.479202 62.166557 195.547684 175.912857 54.324696 168.122620 168.475464 72.649536 100.731117 172.662079 124.505264 46.404976 115.657784 116.898041 33.567402 54.749989 46.316101 42.939617 46.414066 60.119293 31.133524 19.120214 33.479382 55.295452 54.868248 12.018375 43.413841 53.005085 6.270885 35.662148
8.726759 8.622922 20.398861 13.123361 26.342012 89.361900 44.578041 29.544703 112.979691 49.731476 62.956062 78.151169 61.051289 58.607048 36.794773 120.144981 109.450874 57.753021 66.485870 54.529118 28.025644 58.280273 43.051739 59.068176 20.047134 71.464066 60.713879 44.441956 8.774561 30.889723 20.958935 20.295454 17.194435 12.333487 13.836787 34.198025 36.307537 24.383190 30.092375 44.517265 47.169552 44.961235 25.644753 35.411766 13.722708
25.381586 28.704050 8.819962 26.917982 63.940083 42.597683 71.418266 126.278458 68.216118 58.872585 130.086426 62.048653 55.899494 70.289505 63.124481 32.029438 72.658020 97.720917 35.972420 22.095705 31.260874 34.916782 18.379822 26.319105 15.582387 16.696920 44.021797 35.544285 28.968613 28.752121 14.267584 33.052246 14.100706 25.620480 5.809382 33.707474 20.633768 44.827354 121.276207 28.604609 112.530365 60.868389 67.280121 50.970074 13.722708
27.918428 17.814751 12.614769 59.659985 51.118061 22.044989 66.303314 118.264999 98.986702 21.944946 81.777740 109.921318 67.434479 54.885456 62.337444 23.433496 39.430717 37.460041 29.286726 28.235342 61.420349 54.300686 13.874652 24.400812 16.141518 45.699837 48.666561 21.188519 6.517804 9.566071 3.724168 5.448443 12.129719 55.172218 23.608387 27.153742 20.772978 53.213470 24.655514 48.359505 18.912531 31.979038 49.065948 42.244259 64.318108
0.916252 2.412828 11.561709 8.580460 12.250854 13.588101 26.963757 15.560779 63.796265 34.910885 26.485548 40.763332 30.260910 20.498182 24.976091 63.751995 3.767576 33.393120 32.863319 45.659866 26.941444 53.596951 75.656120 84.576553 2.118439 36.955460 72.603714 63.547359 26.532278 20.145546 34.434280 14.928017 44.689163 80.111710 76.359596 16.702019 31.786886 37.487831 18.392073 7.509183 11.953368 6.203756 11.124398 32.508560 5.310039
3.361221 1.561862 10.016507 3.552539 6.282761 4.289264 22.273575 9.644304 37.736115 16.681282 42.512875 20.686485 34.202618 18.639498 10.673587 45.929943 16.841902 49.472851 7.259063 39.254120 9.117892 40.838455 21.942099 16.585335 34.498875 20.970249 24.315580 31.319786 29.532074 31.268894 8.820205 24.418999 47.634613 31.413551 19.256193 38.299393 9.450781 8.557420 7.931580 13.316556 8.891747 13.414436 7.099662 5.622446 5.310039
2.571064 1.559023 8.026803 3.289448 3.997198 5.367539 12.018103 10.291486 27.070744 38.728085 10.221652 13.908940 16.175365 11.364748 23.437136 43.112419 20.526987 22.427814 10.618876 22.654167 14.514372 49.241936 16.674791 13.506738 28.192986 22.083981 10.091978 28.519701 28.625065 60.791035 26.592110 18.327082 44.685268 18.472675 26.713963 12.075199 10.779012 8.634340 7.398497 2.929363 2.111254 10.617925 4.584206 7.941984 7.544065
2.089519 1.712627 4.019023 4.429927 3.565345 5.991958 4.660617 11.669635 39.509872 8.321386 6.614194 29.404835 134.112488 61.150410 51.023327 33.590473 36.788177 23.710600 8.056628 18.621050 10.337495 28.044655 14.535491 23.093496 11.474883 10.984658 12.351258 35.157913 12.747190 11.477904 23.260025 23.952703 17.064047 16.881470 9.816290 3.915550 7.148285 5.541267 5.400038 20.630548 11.169178 23.139301 2.587410 5.247013 7.544065
1.007193 0.613617 5.229363 3.737230 5.927346 2.336344 6.468721 16.551670 35.365021 22.938738 22.337891 18.008074 70.398468 50.951481 26.806763 11.435211 23.347153 37.988670 11.100815 15.322796 6.882360 23.597889 8.008036 13.425879 9.885826 19.637392 11.428105 21.467993 20.495005 12.892141 6.235252 12.519735 9.399158 9.526753 7.906502 8.109851 5.793088 8.388279 10.107457 24.076832 20.189007 12.892658 16.999874 9.286007 4.703408
0.563600 4.591021 2.006851 7.382818 5.540775 3.760353 8.722479 14.766432 32.598034 45.368874 1.457591 21.859016 53.027321 5.432232 15.254751 10.307970 6.241757 12.992403 9.412766 15.845543 6.532055 7.826490 14.405656 5.856491 14.393674 13.562102 9.440186 29.401634 16.521494 9.941945 10.160087 2.799279 5.032194 8.030321 1.043607 10.369099 4.330213 16.720215 35.731110 24.225214 3.172855 16.604677 15.730036 3.286837 4.703408
4.546722 10.182774 10.419572 7.698551 23.288216 13.992626 24.082233 70.141678 105.051140 48.866241 34.826111 50.280365 46.112602 31.678562 18.380272 20.326967 20.176453 18.335291 8.657110 25.038208 16.157614 21.325407 14.332846 5.594908 14.722865 22.406990 13.135067 38.503883 16.381014 8.305037 9.277229 10.649220 11.108113 5.864818 2.015453 4.530674 9.016860 12.035768 7.998148 9.901778 21.670235 8.247840 6.814186 10.024831 11.885294
3.704719 5.341228 11.180098 19.928188 17.088419 13.075957 49.169018 155.062958 31.775017 116.673912 121.366096 41.034733 61.288506 55.916458 44.113575 29.508230 64.851318 68.669579 19.545391 25.475203 42.141541 32.308556 11.457910 18.364086 22.698627 13.248816 6.669240 36.224785 24.909994 14.128620 13.865705 5.335321 13.689570 17.825428 3.193427 11.473770 21.520451 8.576385 3.217813 1.421228 9.817760 8.292320 3.151578 11.530284 11.885294
2.118694 2.680745 6.572050 6.264884 13.979477 13.304641 7.100784 41.991020 135.193222 80.942642 55.252254 85.220657 73.827324 37.350471 26.256054 103.514168 27.522739 40.821545 49.675068 38.621452 37.010220 23.551504 57.690914 24.191599 29.264688 49.654850 36.356476 29.910677 30.133173 8.264919 7.857154 9.889789 28.783476 32.947819 13.287627 19.421247 8.026060 19.600374 2.829124 9.272541 4.282091 1.073908 3.843309 10.921611 7.071641
2.865977 0.677192 4.607209 7.448049 7.787744 21.262121 27.029829 25.683657 83.542984 43.112877 71.469406 124.120949 49.389053 68.589424 109.938538 70.122223 8.475177 59.720638 71.730904 16.093098 43.586754 46.753086 111.393036 61.040180 24.692947 63.772972 61.668327 23.781235 34.575890 58.034325 36.145115 7.931625 28.972958 16.415668 26.816980 25.978516 17.691463 19.427776 7.488816 11.431013 7.422584 3.194455 1.005489 6.763899 7.071641
6.510165 6.452992 7.218908 12.948268 14.796524 35.730801 62.248234 74.810234 38.254971 106.312729 48.302727 5.336215 106.158272 9.971133 35.595768 70.370277 80.490082 24.576187 25.984732 83.780144 31.713680 44.517147 43.636177 87.402344 48.525768 18.739698 56.866093 14.087456 19.636034 49.972450 68.440643 30.589029 14.900489 34.673183 17.334732 24.406832 22.019720 29.487257 20.601093 11.629524 16.281630 8.890973 5.762345 15.577861 6.885972
8.439195 6.582994 6.958531 14.755350 28.339582 12.519737 26.239922 89.033638 120.615723 60.421066 119.640511 167.444778 53.777931 55.176167 183.005707 122.051033 107.974899 140.114456 167.241028 62.605679 70.379402 148.924698 84.045578 45.496422 131.662323 128.952682 55.160332 92.747162 101.243484 37.187218 18.819750 63.818867 56.746258 25.377567 52.110340 69.509384 28.167776 16.498793 33.586040 18.745514 9.907871 24.106714 28.493505 4.144341 6.885972
2.058430 9.920674 14.347328 17.534393 22.728638 56.847610 100.553719 34.190998 79.312492 158.138184 52.557716 88.757088 165.821121 117.037407 86.741737 154.575897 274.113617 51.785934 100.872849 163.931412 114.454102 71.361809 127.233452 156.833420 68.974228 81.350693 145.841202 76.007553 51.007298 153.456924 143.326721 51.489483 107.858437 130.877380 42.075722 57.298256 83.796730 57.279690 17.439386 54.985649 63.543251 12.412295 36.529579 44.099483 13.220634
14.291438 18.380224 30.932283 39.531696 65.899551 108.531677 123.748566 189.659332 197.051956 221.159607 243.676849 221.404190 247.636627 254.243607 244.340607 301.718811 286.204102 331.200684 241.951660 284.006622 243.191177 226.504364 253.639008 207.028870 234.966049 197.451599 225.658310 216.733536 172.780334 267.804810 182.056107 145.115723 209.626877 185.779587 133.547195 129.097931 184.414093 88.484207 56.843433 104.499252 76.399284 43.243462 62.535439 70.748070 13.220634
6.694150 7.987650 9.174583 13.809059 18.610044 23.292107 4.868102 76.693024 67.087036 59.107342 92.913696 124.087410 98.250862 47.497513 120.232292 106.236481 76.004311 163.346741 146.754608 111.729012 68.375015 132.723236 80.945969 22.518602 110.142044 112.721756 54.672462 99.326866 107.636345 94.943893 89.984604 152.028763 74.374336 28.609529 135.060226 103.396980 14.030621 66.027313 70.757805 17.246971 18.392843 44.941635 30.607519 11.559615 8.909266
2.258901 3.188894 14.792475 5.280777 8.587614 33.926628 28.564880 82.939705 118.773628 97.271980 71.503975 113.443077 135.514648 102.314491 103.655357 171.909164 110.316742 107.580315 141.183212 132.421768 35.637123 123.238129 126.044098 77.032608 73.191605 112.927277 85.471291 41.875710 100.768692 81.152100 42.271832 35.676414 98.297012 41.676701 33.979004 56.641434 49.910141 11.292100 23.271292 39.673553 18.083445 5.445564 26.533775 9.927438 8.909266
6.609602 11.850467 10.334613 14.447428 41.706490 30.647537 63.119209 110.393608 114.628448 85.309456 108.055084 165.106506 113.172447 27.902803 154.327774 120.980377 73.930389 107.622505 128.824570 88.854836 29.405970 116.505333 87.485939 46.415665 78.503250 78.888573 65.108643 56.699665 65.548569 57.801495 15.783108 47.107101 29.342573 31.590450 30.192377 37.112228 37.191296 16.948528 17.359455 17.593695 9.224974 12.814949 8.858293 13.337028 4.154610